0101011001100001
0000010000000001
0001111111000000
0001000000000000
0101011001100010
0000010000000001
0001111111000000
0001000000000000
0101011001100100
0000010000000001
0001111111000000
0001000000000000
0001010010101000
0101011001000010
0000010000000001
0001111111000000
0001000000000000
0001010010000010
0101011001000010
0000010000000001
0001111111000000
0001000000000000
0001010010000010
0101011001000010
0000010000000001
0001111111000000
0001000000000000
0001010010000010
0101011001000010
0000010000000001
0001111111000000
0001000000000000
0001010010000010
0101011001000010
0000010000000001
0001111111000000
0001000000000000
0001010010000010
0101011001000010
0000010000000001
0001111111000000
0001000000000000
0001010010000010
0101011001000010
0000010000000001
0001111111000000
0001000000000000
0001010010000010
0101011001000010
0000010000000001
0001111111000000
0001000000000000
0001010010000010
0101011001000010
0000010000000001
0001111111000000
0001000000000000
0001010010000010
0101011001000010
0000010000000001
0001111111000000
0001000000000000
0001010010000010
0101011001000010
0000010000000001
0001111111000000
0001000000000000
0001010010000010
0101011001000010
0000010000000001
0001111111000000
0001000000000000
0001010010000010
0101011001000010
0000010000000001
0001111111000000